90
61
43
57
72
52
47
76
18
78
92
31
66
1
98
49
55
21
46
39
34
57
15
100
88
70
83
62
10
59
87
56
29
7
82
44
23
26
95
1
16
92
95
89
64
60
98
36
3
40
76
9
1
2
52
88
61
84
74
15
79
44
72
25
52
76
25
84
8
53
28
55
49
31
52
29
43
36
25
1
42
56
47
40
13
71
46
26
67
7
58
54
67
77
39
37
100
15
43
60
4
42
23
15
54
3
27
92
20
26
44
13
96
74
3
33
61
86
98
45
15
15
58
25
61
11
48
70
44
76
84
55
68
50
49
55
22
89
92
1
46
50
77
58
42
41
74
12
47
18
10
89
15
41
66
98
39
27
80
68
53
67
100
96
50
100
75
77
5
9
67
50
78
31
64
6
5
14
36
88
91
52
80
39
17
58
51
22
39
76
42
72
53
80
19
8
44
47
44
11
64
31
1
59
89
52
19
94
74
12
12
76
37
45
72
88
32
95
69
62
7
93
84
67
89
62
89
26
57
50
53
15
66
80
90
38
98
13
65
88
70
100
20
17
60
35
79
86
98
65
52
88
56
76
34
28
4
10
77
10
24
36
87
23
73
75
63
39
43
46
76
80
50
68
5
89
90
69
14
43
26
88
27
84
5
80
95
48
81
58
89
83
24
100
99
66
5
38
15
9
37
48
37
97
1
92
31
55
5
35
27
84
10
24
28
42
58
64
60
84
57
45
48
33
40
53
27
22
73
99
4
83
65
14
77
85
6
61
86
61
24
68
23
37
78
30
41
49
58
41
29
72
21
98
88
45
41
26
22
17
83
15
50
91
77
39
30
83
7
99
81
43
77
84
11
61
76
3
52
99
65
14
39
71
98
41
53
81
25
86
13
21
40
16
66
27
45
93
62
82
80
80
54
57
34
83
19
94
38
94
51
24
34
94
22
74
99
77
19
43
52
63
40
48
84
59
50
99
88
87
57
10
80
29
86
63
8
50
87
10
22
5
33
17
49
87
75
89
10
48
81
40
24
47
57
89
34
91
94
70
75
97
88
26
37
70
6
51
75
90
69
25
17
76
96
81
57
73
61
92
5
89
51
90
27
34
99
71
91
55
92
27
21
79
83
22
46
99
13
91
29
31
56
47
81
39
66
80
24
10
8
40
16
66
19
100
1
30
97
24
91
29
62
65
12
63
95
69
91
14
39
34
85
78
94
89
73
95
94
85
47
55
44
32
68
2
94
97
49
12
62
83
95
36
69
50
13
64
92
38
8
7
12
56
59
70
90
92
22
66
6
4
36
68
64
31
97
30
54
68
37
36
20
48
66
23
51
53
100
44
31
93
48
7
86
62
8
27
51
14
11
65
43
47
65
90
77
89
6
41
42
70
52
80
14
24
6
92
28
26
81
72
52
69
65
13
51
46
16
38
3
73
40
77
67
68
54
1
41
95
77
85
83
36
10
72
73
71
62
41
18
49
44
9
73
24
99
45
83
22
81
6
42
13
12
33
67
87
27
95
44
89
98
85
53
78
92
100
5
50
4
59
52
53
60
100
35
26
23
94
98
25
55
16
53
9
38
7
93
58
32
28
82
74
36
88
38
98
57
21
1
29
29
3
71
7
91
51
45
45
73
37
50
54
21
62
82
11
21
76
60
9
27
78
38
48
8
39
28
72
45
97
12
8
72
85
42
59
86
24
14
99
39
20
40
29
82
14
89
83
62
28
7
5
50
46
25
20
31
23
85
41
53
36
96
37
35
26
37
2
46
3
52
63
86
48
31
27
86
63
17
96
80
66
9
25
70
50
22
12
64
39
45
98
89
17
27
39
21
40
15
87
51
35
35
95
55
27
21
54
23
82
98
81
33
22
2
88
61
78
69
63
75
73
84
62
49
11
16
11
63
16
76
86
39
6
53
19
54
75
16
27
34
37
50
21
23
16
25
36
9
12
38
75
21
26
55
62
19
84
80
34
36
88
28
35
60
50
46
79
22
32
16
73
1
69
32
94
37
58
45
82
40
31
69
66
63
68
54
80
48
24
43
14
81
23
96
55
91
3
73
58
79
13
88
50
22
100
4
3
66
93
85
64
19
35
77
31
81
94
6
72
48
10
4
21
74
32
77
50
90
78
6
23
50
97
31
38
99
62
4
25
65
30
35
65
52
82
46
90
3
40
4
89
22
37
65
3
45
2
26
24
20
27
93
15
45
34
3
23
61
2
40
64
65
63
90
42
76
85
7
29
93
47aboba
91
5
56
54
44
48
